image_00000 319 254 343 277
image_00001 316 261 339 280
image_00002 318 262 342 280
image_00003 308 254 344 281
image_00004 311 253 344 280
image_00005 319 254 348 280
image_00006 310 258 347 284
image_00007 314 261 345 283
image_00008 310 248 346 284
image_00009 325 261 346 284
image_00010 316 257 344 286
image_00011 313 259 346 288
image_00012 326 264 346 286
image_00013 320 265 345 287
image_00014 320 264 348 288
image_00015 330 264 350 288
image_00016 327 266 352 289
image_00017 326 267 349 290
image_00018 325 268 349 289
image_00019 322 265 349 288
image_00020 326 267 350 289
image_00021 325 263 353 290
image_00022 326 239 352 259
image_00023 324 235 352 255
image_00024 325 237 353 259
image_00025 325 234 353 260
image_00026 331 242 356 257
image_00027 330 231 357 258
image_00028 327 238 355 263
image_00029 326 234 357 262
image_00030 324 236 354 261
image_00031 324 236 355 264
image_00032 333 238 354 259
image_00033 320 236 357 261
image_00034 331 243 358 270
image_00035 330 236 354 265
image_00036 319 238 358 271
image_00037 316 231 359 266
image_00038 331 238 358 263
image_00039 331 238 358 264
image_00040 332 233 358 257
image_00041 327 241 360 264
image_00042 331 235 362 265
image_00043 334 233 362 260
image_00044 325 229 361 263
image_00045 329 241 364 270
image_00046 334 235 367 268
image_00047 336 233 361 265
image_00048 332 231 364 260
image_00049 335 234 365 266
image_00050 334 232 364 261
image_00051 326 231 360 264
image_00052 329 228 364 260
image_00053 336 228 371 258
image_00054 319 227 356 254
image_00055 331 231 362 255
image_00056 330 231 362 258
image_00057 333 228 363 255
image_00058 327 231 361 260
image_00059 332 226 366 252
image_00060 323 232 358 260
image_00061 330 226 363 254
image_00062 333 226 364 252
image_00063 334 229 365 252
